<template id="freq.forceConstantMatrix"
  repeat="*"
  name="freq.forceConstantMatrix"
  pattern="\s*Hessian of the SCF Energy\s*"      offset="0"
  endPattern="\s*Gradient time:.+"   endOffset="0" >

  <comment class="example.input" id="freq.forceConstantMatrix">
 Hessian of the SCF Energy
            1           2           3           4           5           6
    1   0.6221807   0.0000001   0.0000001  -0.1555452   0.0979651   0.0979651
    2   0.0000001   0.6221807  -0.0000001   0.0979651  -0.1555452  -0.0979651
    3   0.0000001  -0.0000001   0.6221807   0.0979651  -0.0979651  -0.1555452
    4  -0.1555452   0.0979651   0.0979651   0.1628832  -0.1087913  -0.1087913
    5   0.0979651  -0.1555452  -0.0979651  -0.1087913   0.1628832   0.1087913
    6   0.0979651  -0.0979651  -0.1555452  -0.1087913   0.1087913   0.1628833
    7  -0.1555452   0.0979652  -0.0979652  -0.0120235   0.0108262  -0.0132711
    8   0.0979652  -0.1555452   0.0979652   0.0108262  -0.0120235   0.0132711
    9  -0.0979652   0.0979652  -0.1555452   0.0132711  -0.0132711   0.0167089
   10  -0.1555452  -0.0979652   0.0979652  -0.0120235  -0.0132711   0.0108262
   11  -0.0979652  -0.1555452   0.0979652   0.0132711   0.0167089  -0.0132711
   12   0.0979652   0.0979652  -0.1555452   0.0108262   0.0132711  -0.0120235
   13  -0.1555452  -0.0979652  -0.0979652   0.0167089   0.0132711   0.0132711
   14  -0.0979652  -0.1555452  -0.0979652  -0.0132712  -0.0120235  -0.0108262
   15  -0.0979652  -0.0979652  -0.1555452  -0.0132712  -0.0108262  -0.0120235
            7           8           9          10          11          12
    1  -0.1555452   0.0979652  -0.0979652  -0.1555452  -0.0979652   0.0979652
    2   0.0979652  -0.1555452   0.0979652  -0.0979652  -0.1555452   0.0979652
    3  -0.0979652   0.0979652  -0.1555452   0.0979652   0.0979652  -0.1555452
    4  -0.0120235   0.0108262   0.0132711  -0.0120235   0.0132711   0.0108262
    5   0.0108262  -0.0120235  -0.0132711  -0.0132711   0.0167089   0.0132711
    6  -0.0132711   0.0132711   0.0167089   0.0108262  -0.0132711  -0.0120235
    7   0.1628833  -0.1087914   0.1087914   0.0167089  -0.0132711   0.0132712
    8  -0.1087914   0.1628833  -0.1087914   0.0132712  -0.0120235   0.0108262
    9   0.1087914  -0.1087914   0.1628833  -0.0132711   0.0108262  -0.0120235
   10   0.0167089   0.0132712  -0.0132711   0.1628833   0.1087914  -0.1087914
   11  -0.0132711  -0.0120235   0.0108262   0.1087914   0.1628833  -0.1087914
   12   0.0132712   0.0108262  -0.0120235  -0.1087914  -0.1087914   0.1628833
   13  -0.0120235  -0.0132711  -0.0108262  -0.0120235  -0.0108262  -0.0132711
   14   0.0132712   0.0167089   0.0132711  -0.0108262  -0.0120235  -0.0132712
   15  -0.0108262  -0.0132711  -0.0120235   0.0132711   0.0132711   0.0167089
           13          14          15
    1  -0.1555452  -0.0979652  -0.0979652
    2  -0.0979652  -0.1555452  -0.0979652
    3  -0.0979652  -0.0979652  -0.1555452
    4   0.0167089  -0.0132712  -0.0132712
    5   0.0132711  -0.0120235  -0.0108262
    6   0.0132711  -0.0108262  -0.0120235
    7  -0.0120235   0.0132712  -0.0108262
    8  -0.0132711   0.0167089  -0.0132711
    9  -0.0108262   0.0132711  -0.0120235
   10  -0.0120235  -0.0108262   0.0132711
   11  -0.0108262  -0.0120235   0.0132711
   12  -0.0132711  -0.0132712   0.0167089
   13   0.1628833   0.1087914   0.1087914
   14   0.1087914   0.1628833   0.1087914
   15   0.1087914   0.1087914   0.1628833
 Gradient time:  CPU 0.96 s  wall 1.28 s
  </comment>

  <!-- For n number of Atoms this matrix will consist of 3n-by-3n float values.
    Therefore the last chunk will have either 3 or 6 collumns.

    see also: force.constant.matrix.xml in jumbo-converters-compchem-gamessus
   -->

  <record id="freq.forceConstantMatrix.unparsed" repeat="*">{X,x:UNPARSED}</record>



  <!-- TODO: (later) restrict to lower triangle matrix and merge to one <array> of size (3n*(3n+1))/2 -->
  <comment class="example.output" id="freq.forceConstantMatrix">
    <module cmlx:templateRef="freq.forceConstantMatrix" xmlns="http://www.xml-cml.org/schema" xmlns:cmlx="http://www.xml-cml.org/schema/cmlx">
      <list dictRef="cc:forceConstantMatrix">
<array dataType="xsd:double" size="15" dictRef="x:fconst" cmlx:row="1" >0.6221807 0.0000001 0.0000001 -0.1555452 0.0979651 0.0979651 -0.1555452 0.0979652 -0.0979652 -0.1555452 -0.0979652 0.0979652 -0.1555452 -0.0979652 -0.0979652</array>
<array dataType="xsd:double" size="15" dictRef="x:fconst" cmlx:row="2" >0.0000001 0.6221807 -0.0000001 0.0979651 -0.1555452 -0.0979651 0.0979652 -0.1555452 0.0979652 -0.0979652 -0.1555452 0.0979652 -0.0979652 -0.1555452 -0.0979652</array>
<array dataType="xsd:double" size="15" dictRef="x:fconst" cmlx:row="3" >0.0000001 -0.0000001 0.6221807 0.0979651 -0.0979651 -0.1555452 -0.0979652 0.0979652 -0.1555452 0.0979652 0.0979652 -0.1555452 -0.0979652 -0.0979652 -0.1555452</array>
<array dataType="xsd:double" size="15" dictRef="x:fconst" cmlx:row="4" >-0.1555452 0.0979651 0.0979651 0.1628832 -0.1087913 -0.1087913 -0.0120235 0.0108262 0.0132711 -0.0120235 0.0132711 0.0108262 0.0167089 -0.0132712 -0.0132712</array>
<array dataType="xsd:double" size="15" dictRef="x:fconst" cmlx:row="5" >0.0979651 -0.1555452 -0.0979651 -0.1087913 0.1628832 0.1087913 0.0108262 -0.0120235 -0.0132711 -0.0132711 0.0167089 0.0132711 0.0132711 -0.0120235 -0.0108262</array>
<array dataType="xsd:double" size="15" dictRef="x:fconst" cmlx:row="6" >0.0979651 -0.0979651 -0.1555452 -0.1087913 0.1087913 0.1628833 -0.0132711 0.0132711 0.0167089 0.0108262 -0.0132711 -0.0120235 0.0132711 -0.0108262 -0.0120235</array>
<array dataType="xsd:double" size="15" dictRef="x:fconst" cmlx:row="7" >-0.1555452 0.0979652 -0.0979652 -0.0120235 0.0108262 -0.0132711 0.1628833 -0.1087914 0.1087914 0.0167089 -0.0132711 0.0132712 -0.0120235 0.0132712 -0.0108262</array>
<array dataType="xsd:double" size="15" dictRef="x:fconst" cmlx:row="8" >0.0979652 -0.1555452 0.0979652 0.0108262 -0.0120235 0.0132711 -0.1087914 0.1628833 -0.1087914 0.0132712 -0.0120235 0.0108262 -0.0132711 0.0167089 -0.0132711</array>
<array dataType="xsd:double" size="15" dictRef="x:fconst" cmlx:row="9" >-0.0979652 0.0979652 -0.1555452 0.0132711 -0.0132711 0.0167089 0.1087914 -0.1087914 0.1628833 -0.0132711 0.0108262 -0.0120235 -0.0108262 0.0132711 -0.0120235</array>
<array dataType="xsd:double" size="15" dictRef="x:fconst" cmlx:row="10">-0.1555452 -0.0979652 0.0979652 -0.0120235 -0.0132711 0.0108262 0.0167089 0.0132712 -0.0132711 0.1628833 0.1087914 -0.1087914 -0.0120235 -0.0108262 0.0132711</array>
<array dataType="xsd:double" size="15" dictRef="x:fconst" cmlx:row="11">-0.0979652 -0.1555452 0.0979652 0.0132711 0.0167089 -0.0132711 -0.0132711 -0.0120235 0.0108262 0.1087914 0.1628833 -0.1087914 -0.0108262 -0.0120235 0.0132711</array>
<array dataType="xsd:double" size="15" dictRef="x:fconst" cmlx:row="12">0.0979652 0.0979652 -0.1555452 0.0108262 0.0132711 -0.0120235 0.0132712 0.0108262 -0.0120235 -0.1087914 -0.1087914 0.1628833 -0.0132711 -0.0132712 0.0167089</array>
<array dataType="xsd:double" size="15" dictRef="x:fconst" cmlx:row="13">-0.1555452 -0.0979652 -0.0979652 0.0167089 0.0132711 0.0132711 -0.0120235 -0.0132711 -0.0108262 -0.0120235 -0.0108262 -0.0132711 0.1628833 0.1087914 0.1087914</array>
<array dataType="xsd:double" size="15" dictRef="x:fconst" cmlx:row="14">-0.0979652 -0.1555452 -0.0979652 -0.0132712 -0.0120235 -0.0108262 0.0132712 0.0167089 0.0132711 -0.0108262 -0.0120235 -0.0132712 0.1087914 0.1628833 0.1087914</array>
<array dataType="xsd:double" size="15" dictRef="x:fconst" cmlx:row="15">-0.0979652 -0.0979652 -0.1555452 -0.0132712 -0.0108262 -0.0120235 -0.0108262 -0.0132711 -0.0120235 0.0132711 0.0132711 0.0167089 0.1087914 0.1087914 0.1628833</array>
      </list>
    </module>
  </comment>

</template>
