<template id="l601.condensed" name="condensed" repeat="*"
    pattern="\s*Condensed to atoms \(all electrons\):\s*$\s*\d+.*" 
    endPattern="\s*Mulliken.*"
    xmlns:xi="http://www.w3.org/2001/XInclude"
    >
  <comment class="example.input" id="condensed">
          Condensed to atoms (all electrons):
              1          2          3          4          5          6
     1  Al  14.341573   1.088430  -0.115514   0.086239   0.001826  -0.044783
     2  Al   1.088430  15.950581   1.088430  -1.998837  -0.951234   0.003015
     3  Al  -0.115514   1.088430  14.341573  -1.047630  -2.006583   0.088051
     4  Al   0.086239  -1.998837  -1.047630  14.338383   1.085225  -0.113240
     5  Al   0.001826  -0.951234  -2.006583   1.085225  15.968706   1.085225
     6  Al  -0.044783   0.003015   0.088051  -0.113240   1.085225  14.338383
     7  Al   0.009797   0.191563   0.506288   0.088051  -2.006583  -1.047630
     8  Al   0.191563   0.182316   0.191563   0.003015  -0.951234  -1.998837
     9  Al   0.506288   0.191563   0.009797  -0.044783   0.001826   0.086239
    10  Al   0.088051   0.003015  -0.044783   0.009829   0.191823   0.506439
    11  Al  -2.006583  -0.951234   0.001826   0.191823   0.182861   0.191823
    12  Al  -1.047630  -1.998837   0.086239   0.506439   0.191823   0.009829
              7          8          9         10         11         12
     1  Al   0.009797   0.191563   0.506288   0.088051  -2.006583  -1.047630
     2  Al   0.191563   0.182316   0.191563   0.003015  -0.951234  -1.998837
     3  Al   0.506288   0.191563   0.009797  -0.044783   0.001826   0.086239
     4  Al   0.088051   0.003015  -0.044783   0.009829   0.191823   0.506439
     5  Al  -2.006583  -0.951234   0.001826   0.191823   0.182861   0.191823
     6  Al  -1.047630  -1.998837   0.086239   0.506439   0.191823   0.009829
     7  Al  14.341573   1.088430  -0.115514   0.086239   0.001826  -0.044783
     8  Al   1.088430  15.950581   1.088430  -1.998837  -0.951234   0.003015
     9  Al  -0.115514   1.088430  14.341573  -1.047630  -2.006583   0.088051
    10  Al   0.086239  -1.998837  -1.047630  14.338383   1.085225  -0.113240
    11  Al   0.001826  -0.951234  -2.006583   1.085225  15.968706   1.085225
    12  Al  -0.044783   0.003015   0.088051  -0.113240   1.085225  14.338383
 Mulliken atomic charges:
              1
  </comment>

  <record/>
  <templateList>
    <template id="cond" repeat="*" pattern="\s*\d+\s+\d+.*" 
     endPattern="\s{7}.*">
      <record id="serial">{X,x:intarr}</record>
      <record repeat="*" id="row">{I,cc:serial}{A,cc:elementType}{X,x:floatArr}</record>
     </template>
  <!-- THROWS  NULL LINES 
    <template id="cond1" repeat="*" pattern="\s*\d+[\s\d]*$.*" 
     endPattern="\s\S.*" endOffset="1">
      <record id="serial">{X,x:intarr}</record>
      <record repeat="*" id="row">{I,cc:serial}{A,cc:elementType}{X,x:floatArr}</record>
     </template>
     -->
  </templateList>

  <comment class="example.output.raw" id="condensed">
 </comment>
</template>
 